# SIGNAL/SERIES EXPORT - KUBIOS
# File:				RandomSamples
# Device:	 		n/a
# DeviceID / MAC: 	n/a
# Sampling rate: 	n/a
# Resolution:		n/A
# Comment:			These are the RR intervals of the SampleSeries.
766.000
766.000
727.000
789.000
789.000
750.000
766.000
797.000
898.000
836.000
789.000
766.000
711.000
680.000
664.000
688.000
758.000
742.000
742.000
734.000
773.000
859.000
812.000
766.000
773.000
773.000
758.000
734.000
750.000
773.000
750.000
766.000
820.000
1156.000
883.000
781.000
797.000
812.000
781.000
766.000
727.000
727.000
727.000
812.000
883.000
812.000
789.000
766.000
781.000
828.000
852.000
836.000
812.000
758.000
742.000
719.000
711.000
758.000
781.000
820.000
820.000
758.000
758.000
727.000
742.000
719.000
719.000
703.000
711.000
805.000
773.000
719.000
680.000
664.000
680.000
719.000
766.000
805.000
742.000
719.000
734.000
789.000
914.000
1094.000
906.000
789.000
758.000
758.000
750.000
742.000
742.000
727.000
758.000
852.000
812.000
773.000
789.000
797.000
797.000
766.000
742.000
766.000
742.000
719.000
703.000
742.000
883.000
1039.000
898.000
773.000
750.000
727.000
727.000
711.000
781.000
859.000
789.000
805.000
805.000
1047.000
875.000
773.000
719.000
680.000
656.000
664.000
656.000
641.000
617.000
617.000
617.000
609.000
602.000
594.000
578.000
594.000
578.000
562.000
570.000
555.000
547.000
547.000
547.000
555.000
539.000
539.000
555.000
578.000
633.000
672.000
648.000
664.000
672.000
656.000
633.000
617.000
602.000
609.000
625.000
641.000
633.000
633.000
633.000
648.000
664.000
734.000
711.000
766.000
766.000
773.000
688.000
656.000
648.000
656.000
672.000
703.000
711.000
742.000
703.000
742.000
812.000
828.000
734.000
711.000
680.000
664.000
625.000
625.000
625.000
648.000
656.000
664.000
695.000
758.000
898.000
969.000
875.000
773.000
711.000
680.000
648.000
609.000
594.000
594.000
602.000
625.000
625.000
633.000
641.000
664.000
1008.000
836.000
789.000
836.000
828.000
789.000
789.000
758.000
695.000
680.000
664.000
633.000
641.000
633.000
680.000
859.000
1031.000
805.000
781.000
852.000
906.000
875.000
797.000
781.000
805.000
734.000
719.000
758.000
766.000
727.000
711.000
727.000
742.000
734.000
719.000
703.000
680.000
656.000
656.000
609.000
617.000
602.000
594.000
602.000
594.000
594.000
609.000
625.000
633.000
695.000
1039.000
1094.000
867.000
812.000
734.000
672.000
656.000
633.000
641.000
656.000
633.000
633.000
648.000
641.000
648.000
641.000
648.000
648.000
641.000
633.000
633.000
617.000
609.000
594.000
602.000
609.000
617.000
617.000
617.000
633.000
648.000
641.000
664.000
656.000
672.000
648.000
664.000
641.000
617.000
609.000
617.000
594.000
609.000
578.000
602.000
633.000
758.000
930.000
773.000
773.000
789.000
766.000
711.000
680.000
656.000
633.000
617.000
609.000
617.000
633.000
633.000
633.000
617.000
602.000
602.000
625.000
633.000
664.000
680.000
688.000
648.000
648.000
656.000
664.000
680.000
648.000
672.000
656.000
648.000
648.000
648.000
617.000
617.000
625.000
625.000
633.000
617.000
633.000
641.000
664.000
641.000
680.000
711.000
734.000
695.000
688.000
680.000
672.000
680.000
688.000
680.000
680.000
672.000
680.000
695.000
727.000
727.000
711.000
719.000
742.000
695.000
695.000
680.000
695.000
680.000
664.000
656.000
672.000
688.000
680.000
695.000
742.000
773.000
773.000
758.000
773.000
750.000
719.000
695.000
688.000
719.000
688.000
695.000
680.000
711.000
719.000
719.000
703.000
648.000
648.000
641.000
648.000
656.000
664.000
641.000
656.000
656.000
664.000
656.000
641.000
641.000
625.000
672.000
664.000
656.000
656.000
625.000
633.000
609.000
617.000
625.000
633.000
633.000
